0 0.532452 0.458494 0.563942 0.162500
0 0.559856 0.673558 0.485577 0.117628
0 0.846274 0.203526 0.018029 0.016026
0 0.933654 0.153526 0.132212 0.087179
0 0.922115 0.269712 0.012019 0.018910
0 0.885216 0.316346 0.022837 0.039744
0 0.978606 0.205609 0.042788 0.075321
0 0.965986 0.383173 0.068029 0.106090
0 0.963462 0.549199 0.019231 0.024038
0 0.908413 0.665064 0.046154 0.044872
0 0.987740 0.634615 0.024519 0.052564
0 0.979327 0.673558 0.022596 0.030449
0 0.396995 0.812660 0.116587 0.140705
0 0.240625 0.770192 0.066346 0.260256
0 0.907091 0.267147 0.009856 0.013782
0 0.914423 0.268269 0.007692 0.016667
0 0.511899 0.769551 0.018510 0.030769
0 0.930889 0.666987 0.008413 0.010256
